Fixed-effects (within) regression               Number of obs      =   1138481
Group variable: user_id                         Number of groups   =     21947

R-sq:  within  = 0.1352                         Obs per group: min =         1
       between = 0.1246                                        avg =      51.9
       overall = 0.1152                                        max =       737

                                                F(86,21946)        =    344.99
corr(u_i, Xb)  = 0.0353                         Prob > F           =    0.0000

                            (Std. Err. adjusted for 21947 clusters in user_id)
------------------------------------------------------------------------------
             |               Robust
feel_hpy_100 |      Coef.   Std. Err.      t    P>|t|     [95% Conf. Interval]
-------------+----------------------------------------------------------------
aonb_enc_out |   2.388001    .553342     4.32   0.000     1.303411    3.472592
 nnr_enc_out |   5.002304   1.618887     3.09   0.002     1.829168    8.175439
natpark_en~t |   4.591924   .5840698     7.86   0.000     3.447105    5.736743
     do_work |  -1.911546   .0957907   -19.96   0.000    -2.099303   -1.723789
     do_meet |   .0566233     .17014     0.33   0.739    -.2768634    .3901099
   do_travel |  -2.118288   .1189463   -17.81   0.000    -2.351431   -1.885144
     do_cook |   2.145708   .0973799    22.03   0.000     1.954836    2.336579
   do_chores |  -.8653762   .1023508    -8.46   0.000    -1.065991   -.6647614
     do_wait |  -4.130507    .151769   -27.22   0.000    -4.427985   -3.833029
     do_shop |   .8799325   .1130851     7.78   0.000     .6582775    1.101587
    do_admin |  -1.719299   .1589192   -10.82   0.000    -2.030793   -1.407806
    do_child |   3.009803   .1714207    17.56   0.000     2.673806      3.3458
      do_pet |   3.272594   .2114347    15.48   0.000     2.858167    3.687022
     do_care |  -3.952364   .5972378    -6.62   0.000    -5.122993   -2.781734
     do_rest |   .9593227   .0874255    10.97   0.000     .7879625    1.130683
     do_sick |  -19.65149   .2893971   -67.90   0.000    -20.21873   -19.08425
     do_pray |   3.653148    .469158     7.79   0.000     2.733565    4.572731
     do_wash |   2.012483   .1051177    19.15   0.000     1.806445    2.218522
     do_chat |   4.457377   .0763762    58.36   0.000     4.307674     4.60708
     do_love |   12.89335   .3210527    40.16   0.000     12.26407    13.52264
      do_eat |   2.214281   .0622127    35.59   0.000     2.092339    2.336222
 do_caffeine |   1.397218   .1074956    13.00   0.000     1.186519    1.607918
    do_booze |   4.109992   .1070038    38.41   0.000     3.900257    4.319728
    do_smoke |   .1538504   .2034826     0.76   0.450    -.2449901    .5526909
      do_msg |   .7602233    .126644     6.00   0.000      .511992    1.008455
      do_net |   .7571675    .102091     7.42   0.000     .5570619    .9572731
       do_tv |   2.287739   .0685625    33.37   0.000     2.153352    2.422127
    do_music |   3.550919   .0981384    36.18   0.000     3.358561    3.743277
   do_speech |   1.978072   .1502163    13.17   0.000     1.683638    2.272507
     do_read |    1.71173   .1080276    15.85   0.000     1.499988    1.923472
  do_theatre |   6.532481   .3143351    20.78   0.000     5.916361      7.1486
   do_museum |   5.594876   .3607855    15.51   0.000      4.88771    6.302042
    do_match |   2.404124   .2829787     8.50   0.000     1.849466    2.958783
     do_walk |   2.609334   .1782712    14.64   0.000     2.259909    2.958758
    do_sport |    6.59002   .1852247    35.58   0.000     6.226966    6.953074
do_gardening |   3.750447   .4412925     8.50   0.000     2.885482    4.615412
do_birdwatch |   4.527603   .6313745     7.17   0.000     3.290064    5.765143
 do_compgame |   2.962478   .1198801    24.71   0.000     2.727504    3.197452
     do_hunt |   3.557187   1.374914     2.59   0.010     .8622576    6.252117
     do_game |    2.34204   .2626933     8.92   0.000     1.827142    2.856937
      do_bet |   1.917268   .7146608     2.68   0.007     .5164812    3.318055
      do_art |   5.304105   .2050374    25.87   0.000     4.902216    5.705993
     do_sing |    5.86753   .3302951    17.76   0.000     5.220128    6.514932
    do_other |  -1.358121   .1572328    -8.64   0.000    -1.666309   -1.049934
   do_other2 |  -3.265178   .1881565   -17.35   0.000    -3.633978   -2.896378
with_partner |   4.515291   .1073584    42.06   0.000     4.304861    4.725722
  with_child |   .2763583   .1473894     1.88   0.061    -.0125356    .5652522
with_relat~e |   .7590004   .1037658     7.31   0.000      .555612    .9623888
  with_peers |  -.2836759   .1282186    -2.21   0.027    -.5349936   -.0323582
 with_client |   .4302426   .4075432     1.06   0.291    -.3685715    1.229057
 with_friend |   4.392186   .0916205    47.94   0.000     4.212604    4.571769
  with_other |  -.8039508   .1946104    -4.13   0.000    -1.185401   -.4225003
     at_work |  -2.588927   .1243757   -20.82   0.000    -2.832712   -2.345141
   elsewhere |   1.723854   .0858323    20.08   0.000     1.555616    1.892091
     vehicle |  -.0966722   .1360537    -0.71   0.477    -.3633473    .1700029
    outdoors |   2.930916   .4407714     6.65   0.000     2.066972    3.794859
      rseq_0 |  -5.746243   .6727285    -8.54   0.000     -7.06484   -4.427647
     rseq_10 |  -3.557431   .1189775   -29.90   0.000    -3.790635   -3.324226
     rseq_50 |  -.9387459   .0945245    -9.93   0.000    -1.124021    -.753471
 wkdayhour_0 |   3.002513   .4357356     6.89   0.000     2.148439    3.856586
 wkdayhour_3 |  -.5525773   1.159744    -0.48   0.634    -2.825759    1.720605
 wkdayhour_9 |   3.197686   .1193232    26.80   0.000     2.963804    3.431568
wkdayhour_12 |   3.568119   .1219915    29.25   0.000     3.329007    3.807231
wkdayhour_15 |   3.437347   .1227353    28.01   0.000     3.196777    3.677917
wkdayhour_18 |   2.799556    .125964    22.23   0.000     2.552658    3.046455
wkdayhour_21 |   3.145317   .1399367    22.48   0.000     2.871031    3.419604
 wkendhour_0 |   4.496752   .6693504     6.72   0.000     3.184777    5.808727
 wkendhour_3 |   2.298366   1.672654     1.37   0.169    -.9801567    5.576889
 wkendhour_6 |   2.873353   .2067646    13.90   0.000     2.468079    3.278626
 wkendhour_9 |   4.276578    .140039    30.54   0.000     4.002092    4.551065
wkendhour_12 |   4.308082   .1388453    31.03   0.000     4.035935    4.580229
wkendhour_15 |   4.074405   .1388449    29.35   0.000     3.802259    4.346551
wkendhour_18 |   4.109549   .1382484    29.73   0.000     3.838572    4.380526
wkendhour_21 |   4.027637   .1639137    24.57   0.000     3.706354    4.348919
is_daylig~ut |  -.0236257   .1741117    -0.14   0.892     -.364897    .3176457
   sunny_out |   .4473406   .1847326     2.42   0.015     .0852514    .8094298
    rain_out |  -1.379777   .2226812    -6.20   0.000    -1.816248   -.9433054
    snow_out |   .9919127   .7215568     1.37   0.169    -.4223906    2.406216
     fog_out |  -1.327043   .5414547    -2.45   0.014    -2.388333   -.2657528
  temp_8_out |  -.5678958   .4112463    -1.38   0.167    -1.373968    .2381765
 temp_16_out |   .2826725   .4131884     0.68   0.494    -.5272066    1.092552
 temp_24_out |   .9747196   .4221903     2.31   0.021     .1471961    1.802243
 temp_hi_out |   5.234808   1.214512     4.31   0.000     2.854277     7.61534
 wind_15_out |  -.3053968   .1880014    -1.62   0.104    -.6738931    .0630996
 wind_25_out |  -.6256789   .1991399    -3.14   0.002    -1.016007   -.2353504
 wind_hi_out |  -1.039623   .2502185    -4.15   0.000     -1.53007   -.5491772
       _cons |   60.69538    .140369   432.40   0.000     60.42025    60.97052
-------------+----------------------------------------------------------------
     sigma_u |  13.536118
     sigma_e |  16.614995
         rho |  .39893894   (fraction of variance due to u_i)
------------------------------------------------------------------------------


aonb_enc_out	2.388001	.553342	4.32	0.000	1.303411	3.472592
nnr_enc_out	5.002304	1.618887	3.09	0.002	1.829168	8.175439
natpark_en~t	4.591924	.5840698	7.86	0.000	3.447105	5.736743
do_work	-1.911546	.0957907	-19.96	0.000	-2.099303	-1.723789
do_meet	.0566233	.17014	0.33	0.739	-.2768634	.3901099
do_travel	-2.118288	.1189463	-17.81	0.000	-2.351431	-1.885144
do_cook	2.145708	.0973799	22.03	0.000	1.954836	2.336579
do_chores	-.8653762	.1023508	-8.46	0.000	-1.065991	-.6647614
do_wait	-4.130507	.151769	-27.22	0.000	-4.427985	-3.833029
do_shop	.8799325	.1130851	7.78	0.000	.6582775	1.101587
do_admin	-1.719299	.1589192	-10.82	0.000	-2.030793	-1.407806
do_child	3.009803	.1714207	17.56	0.000	2.673806	3.3458
do_pet	3.272594	.2114347	15.48	0.000	2.858167	3.687022
do_care	-3.952364	.5972378	-6.62	0.000	-5.122993	-2.781734
do_rest	.9593227	.0874255	10.97	0.000	.7879625	1.130683
do_sick	-19.65149	.2893971	-67.90	0.000	-20.21873	-19.08425
do_pray	3.653148	.469158	7.79	0.000	2.733565	4.572731
do_wash	2.012483	.1051177	19.15	0.000	1.806445	2.218522
do_chat	4.457377	.0763762	58.36	0.000	4.307674	4.60708
do_love	12.89335	.3210527	40.16	0.000	12.26407	13.52264
do_eat	2.214281	.0622127	35.59	0.000	2.092339	2.336222
do_caffeine	1.397218	.1074956	13.00	0.000	1.186519	1.607918
do_booze	4.109992	.1070038	38.41	0.000	3.900257	4.319728
do_smoke	.1538504	.2034826	0.76	0.450	-.2449901	.5526909
do_msg	.7602233	.126644	6.00	0.000	.511992	1.008455
do_net	.7571675	.102091	7.42	0.000	.5570619	.9572731
do_tv	2.287739	.0685625	33.37	0.000	2.153352	2.422127
do_music	3.550919	.0981384	36.18	0.000	3.358561	3.743277
do_speech	1.978072	.1502163	13.17	0.000	1.683638	2.272507
do_read	1.71173	.1080276	15.85	0.000	1.499988	1.923472
do_theatre	6.532481	.3143351	20.78	0.000	5.916361	7.1486
do_museum	5.594876	.3607855	15.51	0.000	4.88771	6.302042
do_match	2.404124	.2829787	8.50	0.000	1.849466	2.958783
do_walk	2.609334	.1782712	14.64	0.000	2.259909	2.958758
do_sport	6.59002	.1852247	35.58	0.000	6.226966	6.953074
do_gardening	3.750447	.4412925	8.50	0.000	2.885482	4.615412
do_birdwatch	4.527603	.6313745	7.17	0.000	3.290064	5.765143
do_compgame	2.962478	.1198801	24.71	0.000	2.727504	3.197452
do_hunt	3.557187	1.374914	2.59	0.010	.8622576	6.252117
do_game	2.34204	.2626933	8.92	0.000	1.827142	2.856937
do_bet	1.917268	.7146608	2.68	0.007	.5164812	3.318055
do_art	5.304105	.2050374	25.87	0.000	4.902216	5.705993
do_sing	5.86753	.3302951	17.76	0.000	5.220128	6.514932
do_other	-1.358121	.1572328	-8.64	0.000	-1.666309	-1.049934
do_other2	-3.265178	.1881565	-17.35	0.000	-3.633978	-2.896378
with_partner	4.515291	.1073584	42.06	0.000	4.304861	4.725722
with_child	.2763583	.1473894	1.88	0.061	-.0125356	.5652522
with_relat~e	.7590004	.1037658	7.31	0.000	.555612	.9623888
with_peers	-.2836759	.1282186	-2.21	0.027	-.5349936	-.0323582
with_client	.4302426	.4075432	1.06	0.291	-.3685715	1.229057
with_friend	4.392186	.0916205	47.94	0.000	4.212604	4.571769
with_other	-.8039508	.1946104	-4.13	0.000	-1.185401	-.4225003
at_work	-2.588927	.1243757	-20.82	0.000	-2.832712	-2.345141
elsewhere	1.723854	.0858323	20.08	0.000	1.555616	1.892091
vehicle	-.0966722	.1360537	-0.71	0.477	-.3633473	.1700029
outdoors	2.930916	.4407714	6.65	0.000	2.066972	3.794859
rseq_0	-5.746243	.6727285	-8.54	0.000	-7.06484	-4.427647
rseq_10	-3.557431	.1189775	-29.90	0.000	-3.790635	-3.324226
rseq_50	-.9387459	.0945245	-9.93	0.000	-1.124021	-.753471
wkdayhour_0	3.002513	.4357356	6.89	0.000	2.148439	3.856586
wkdayhour_3	-.5525773	1.159744	-0.48	0.634	-2.825759	1.720605
wkdayhour_9	3.197686	.1193232	26.80	0.000	2.963804	3.431568
wkdayhour_12	3.568119	.1219915	29.25	0.000	3.329007	3.807231
wkdayhour_15	3.437347	.1227353	28.01	0.000	3.196777	3.677917
wkdayhour_18	2.799556	.125964	22.23	0.000	2.552658	3.046455
wkdayhour_21	3.145317	.1399367	22.48	0.000	2.871031	3.419604
wkendhour_0	4.496752	.6693504	6.72	0.000	3.184777	5.808727
wkendhour_3	2.298366	1.672654	1.37	0.169	-.9801567	5.576889
wkendhour_6	2.873353	.2067646	13.90	0.000	2.468079	3.278626
wkendhour_9	4.276578	.140039	30.54	0.000	4.002092	4.551065
wkendhour_12	4.308082	.1388453	31.03	0.000	4.035935	4.580229
wkendhour_15	4.074405	.1388449	29.35	0.000	3.802259	4.346551
wkendhour_18	4.109549	.1382484	29.73	0.000	3.838572	4.380526
wkendhour_21	4.027637	.1639137	24.57	0.000	3.706354	4.348919
is_daylig~ut	-.0236257	.1741117	-0.14	0.892	-.364897	.3176457
sunny_out	.4473406	.1847326	2.42	0.015	.0852514	.8094298
rain_out	-1.379777	.2226812	-6.20	0.000	-1.816248	-.9433054
snow_out	.9919127	.7215568	1.37	0.169	-.4223906	2.406216
fog_out	-1.327043	.5414547	-2.45	0.014	-2.388333	-.2657528
temp_8_out	-.5678958	.4112463	-1.38	0.167	-1.373968	.2381765
temp_16_out	.2826725	.4131884	0.68	0.494	-.5272066	1.092552
temp_24_out	.9747196	.4221903	2.31	0.021	.1471961	1.802243
temp_hi_out	5.234808	1.214512	4.31	0.000	2.854277	7.61534
wind_15_out	-.3053968	.1880014	-1.62	0.104	-.6738931	.0630996
wind_25_out	-.6256789	.1991399	-3.14	0.002	-1.016007	-.2353504
wind_hi_out	-1.039623	.2502185	-4.15	0.000	-1.53007	-.5491772
_cons	60.69538	.140369	432.40	0.000	60.42025	60.97052
