Fixed-effects (within) regression               Number of obs      =   1138481
Group variable: user_id                         Number of groups   =     21947

R-sq:  within  = 0.1353                         Obs per group: min =         1
       between = 0.1251                                        avg =      51.9
       overall = 0.1153                                        max =       737

                                                F(91,21946)        =    328.17
corr(u_i, Xb)  = 0.0353                         Prob > F           =    0.0000

                            (Std. Err. adjusted for 21947 clusters in user_id)
------------------------------------------------------------------------------
             |               Robust
feel_hpy_100 |      Coef.   Std. Err.      t    P>|t|     [95% Conf. Interval]
-------------+----------------------------------------------------------------
lctout_mar~e |   6.020567   .6837379     8.81   0.000     4.680392    7.360743
lctout_wat~y |   1.802073   .6315032     2.85   0.004     .5642807    3.039864
lctout_mou~n |   2.712826   .8694216     3.12   0.002     1.008697    4.416955
lctout_gra~y |   2.036279   .3456445     5.89   0.000     1.358791    2.713768
lctout_far~d |   2.027656   .2358268     8.60   0.000     1.565418    2.489893
lctout_all~d |   2.116257   .3386478     6.25   0.000     1.452483    2.780031
 lctout_bare |   .3651553   .4678612     0.78   0.435    -.5518863    1.282197
lctout_sub~b |   .8778429   .1618732     5.42   0.000     .5605598    1.195126
     do_work |  -1.915234   .0957962   -19.99   0.000    -2.103001   -1.727466
     do_meet |   .0586912   .1700424     0.35   0.730    -.2746043    .3919866
   do_travel |  -2.034556   .1190482   -17.09   0.000    -2.267899   -1.801213
     do_cook |   2.148049   .0974035    22.05   0.000     1.957131    2.338967
   do_chores |  -.8656759    .102343    -8.46   0.000    -1.066275   -.6650763
     do_wait |  -4.105302   .1517653   -27.05   0.000    -4.402773   -3.807831
     do_shop |    .971033   .1131379     8.58   0.000     .7492746    1.192791
    do_admin |  -1.721238   .1588766   -10.83   0.000    -2.032648   -1.409829
    do_child |   2.996123   .1715773    17.46   0.000     2.659819    3.332427
      do_pet |   3.180884   .2126526    14.96   0.000     2.764069    3.597698
     do_care |  -3.958687   .5974757    -6.63   0.000    -5.129782   -2.787592
     do_rest |   .9575979   .0874349    10.95   0.000     .7862192    1.128977
     do_sick |  -19.65337   .2894174   -67.91   0.000    -20.22065   -19.08609
     do_pray |   3.658528    .469473     7.79   0.000     2.738327    4.578729
     do_wash |   2.013669   .1050987    19.16   0.000     1.807668     2.21967
     do_chat |   4.458446   .0764053    58.35   0.000     4.308686    4.608206
     do_love |   12.89509   .3211166    40.16   0.000     12.26567     13.5245
      do_eat |   2.217348   .0622188    35.64   0.000     2.095394    2.339301
 do_caffeine |   1.403119   .1074287    13.06   0.000     1.192551    1.613687
    do_booze |   4.120131   .1069817    38.51   0.000     3.910439    4.329823
    do_smoke |   .1624222   .2023761     0.80   0.422    -.2342495    .5590938
      do_msg |   .7608663   .1266538     6.01   0.000     .5126156    1.009117
      do_net |   .7535814   .1020812     7.38   0.000     .5534948    .9536679
       do_tv |   2.292171    .068596    33.42   0.000     2.157718    2.426624
    do_music |   3.548776   .0981203    36.17   0.000     3.356454    3.741099
   do_speech |   1.975795   .1501897    13.16   0.000     1.681412    2.270177
     do_read |   1.708693    .108038    15.82   0.000     1.496931    1.920455
  do_theatre |   6.489813   .3144033    20.64   0.000     5.873559    7.106066
   do_museum |   5.587893   .3617513    15.45   0.000     4.878835    6.296952
    do_match |   2.287707   .2835659     8.07   0.000     1.731897    2.843516
     do_walk |   2.545303    .176892    14.39   0.000     2.198582    2.892024
    do_sport |   6.513365   .1856617    35.08   0.000     6.149455    6.877276
do_gardening |    3.54802   .4370182     8.12   0.000     2.691433    4.404607
do_birdwatch |   4.323355   .6200226     6.97   0.000     3.108066    5.538644
 do_compgame |   2.967123   .1198515    24.76   0.000     2.732206    3.202041
     do_hunt |   3.275409   1.361325     2.41   0.016     .6071131    5.943704
     do_game |   2.345102   .2625755     8.93   0.000     1.830435    2.859769
      do_bet |   1.925677   .7148487     2.69   0.007     .5245222    3.326832
      do_art |   5.290513   .2050321    25.80   0.000     4.888635    5.692391
     do_sing |   5.874205   .3303104    17.78   0.000     5.226773    6.521638
    do_other |  -1.381522   .1572859    -8.78   0.000    -1.689814    -1.07323
   do_other2 |   -3.27106   .1882654   -17.37   0.000    -3.640074   -2.902047
with_partner |   4.513679   .1073451    42.05   0.000     4.303274    4.724083
  with_child |   .2677335   .1473576     1.82   0.069    -.0210981    .5565651
with_relat~e |   .7523447   .1037821     7.25   0.000     .5489243    .9557652
  with_peers |  -.2876615   .1282091    -2.24   0.025    -.5389606   -.0363624
 with_client |   .4307306   .4073691     1.06   0.290    -.3677422    1.229203
 with_friend |   4.381595   .0916403    47.81   0.000     4.201974    4.561217
  with_other |  -.8287108   .1946196    -4.26   0.000    -1.210179   -.4472423
     at_work |  -2.589712   .1243329   -20.83   0.000    -2.833413   -2.346011
   elsewhere |   1.725396   .0858428    20.10   0.000     1.557138    1.893654
     vehicle |  -.1680386   .1361553    -1.23   0.217    -.4349129    .0988356
    outdoors |   2.321268   .4490317     5.17   0.000     1.441134    3.201403
      rseq_0 |  -5.742423   .6726762    -8.54   0.000    -7.060917   -4.423929
     rseq_10 |  -3.559333   .1189929   -29.91   0.000    -3.792567   -3.326098
     rseq_50 |  -.9394265   .0945334    -9.94   0.000    -1.124719   -.7541341
 wkdayhour_0 |   3.000154   .4359455     6.88   0.000      2.14567    3.854639
 wkdayhour_3 |  -.5633167   1.159286    -0.49   0.627    -2.835601    1.708968
 wkdayhour_9 |   3.198429   .1193354    26.80   0.000     2.964523    3.432336
wkdayhour_12 |   3.570161   .1220064    29.26   0.000      3.33102    3.809302
wkdayhour_15 |     3.4366   .1227501    28.00   0.000     3.196001    3.677199
wkdayhour_18 |    2.79933   .1259755    22.22   0.000     2.552409    3.046251
wkdayhour_21 |   3.145889   .1399505    22.48   0.000     2.871576    3.420202
 wkendhour_0 |   4.503686   .6692823     6.73   0.000     3.191844    5.815527
 wkendhour_3 |   2.257067   1.674437     1.35   0.178    -1.024949    5.539084
 wkendhour_6 |   2.875007   .2069668    13.89   0.000     2.469337    3.280677
 wkendhour_9 |   4.266655   .1400254    30.47   0.000     3.992195    4.541115
wkendhour_12 |    4.30222   .1388288    30.99   0.000     4.030106    4.574335
wkendhour_15 |   4.064958   .1388452    29.28   0.000     3.792811    4.337104
wkendhour_18 |   4.105641   .1382612    29.69   0.000     3.834639    4.376643
wkendhour_21 |   4.022216   .1639131    24.54   0.000     3.700935    4.343497
is_daylig~ut |  -.1145008   .1735593    -0.66   0.509    -.4546896     .225688
   sunny_out |   .4561449   .1845698     2.47   0.013     .0943748     .817915
    rain_out |  -1.370325   .2228667    -6.15   0.000     -1.80716   -.9334905
    snow_out |   1.021422    .720449     1.42   0.156    -.3907101    2.433554
     fog_out |  -1.353621   .5418126    -2.50   0.012    -2.415613    -.291629
  temp_8_out |  -.5065061   .4132873    -1.23   0.220    -1.316579    .3035667
 temp_16_out |   .2910942   .4154529     0.70   0.484    -.5232234    1.105412
 temp_24_out |   .9933131   .4244325     2.34   0.019     .1613948    1.825231
 temp_hi_out |   5.128452   1.211379     4.23   0.000     2.754061    7.502843
 wind_15_out |  -.2012287   .1883187    -1.07   0.285    -.5703469    .1678895
 wind_25_out |  -.5176959    .199057    -2.60   0.009     -.907862   -.1275297
 wind_hi_out |  -.9361185   .2501928    -3.74   0.000    -1.426514   -.4457227
       _cons |   60.70179   .1404218   432.28   0.000     60.42656    60.97703
-------------+----------------------------------------------------------------
     sigma_u |  13.533042
     sigma_e |  16.614368
         rho |  .39884806   (fraction of variance due to u_i)
------------------------------------------------------------------------------

lctout_mar~e	6.020567	.6837379	8.81	0.000	4.680392	7.360743
lctout_wat~y	1.802073	.6315032	2.85	0.004	.5642807	3.039864
lctout_mou~n	2.712826	.8694216	3.12	0.002	1.008697	4.416955
lctout_gra~y	2.036279	.3456445	5.89	0.000	1.358791	2.713768
lctout_far~d	2.027656	.2358268	8.60	0.000	1.565418	2.489893
lctout_all~d	2.116257	.3386478	6.25	0.000	1.452483	2.780031
lctout_bare	.3651553	.4678612	0.78	0.435	-.5518863	1.282197
lctout_sub~b	.8778429	.1618732	5.42	0.000	.5605598	1.195126
do_work	-1.915234	.0957962	-19.99	0.000	-2.103001	-1.727466
do_meet	.0586912	.1700424	0.35	0.730	-.2746043	.3919866
do_travel	-2.034556	.1190482	-17.09	0.000	-2.267899	-1.801213
do_cook	2.148049	.0974035	22.05	0.000	1.957131	2.338967
do_chores	-.8656759	.102343	-8.46	0.000	-1.066275	-.6650763
do_wait	-4.105302	.1517653	-27.05	0.000	-4.402773	-3.807831
do_shop	.971033	.1131379	8.58	0.000	.7492746	1.192791
do_admin	-1.721238	.1588766	-10.83	0.000	-2.032648	-1.409829
do_child	2.996123	.1715773	17.46	0.000	2.659819	3.332427
do_pet	3.180884	.2126526	14.96	0.000	2.764069	3.597698
do_care	-3.958687	.5974757	-6.63	0.000	-5.129782	-2.787592
do_rest	.9575979	.0874349	10.95	0.000	.7862192	1.128977
do_sick	-19.65337	.2894174	-67.91	0.000	-20.22065	-19.08609
do_pray	3.658528	.469473	7.79	0.000	2.738327	4.578729
do_wash	2.013669	.1050987	19.16	0.000	1.807668	2.21967
do_chat	4.458446	.0764053	58.35	0.000	4.308686	4.608206
do_love	12.89509	.3211166	40.16	0.000	12.26567	13.5245
do_eat	2.217348	.0622188	35.64	0.000	2.095394	2.339301
do_caffeine	1.403119	.1074287	13.06	0.000	1.192551	1.613687
do_booze	4.120131	.1069817	38.51	0.000	3.910439	4.329823
do_smoke	.1624222	.2023761	0.80	0.422	-.2342495	.5590938
do_msg	.7608663	.1266538	6.01	0.000	.5126156	1.009117
do_net	.7535814	.1020812	7.38	0.000	.5534948	.9536679
do_tv	2.292171	.068596	33.42	0.000	2.157718	2.426624
do_music	3.548776	.0981203	36.17	0.000	3.356454	3.741099
do_speech	1.975795	.1501897	13.16	0.000	1.681412	2.270177
do_read	1.708693	.108038	15.82	0.000	1.496931	1.920455
do_theatre	6.489813	.3144033	20.64	0.000	5.873559	7.106066
do_museum	5.587893	.3617513	15.45	0.000	4.878835	6.296952
do_match	2.287707	.2835659	8.07	0.000	1.731897	2.843516
do_walk	2.545303	.176892	14.39	0.000	2.198582	2.892024
do_sport	6.513365	.1856617	35.08	0.000	6.149455	6.877276
do_gardening	3.54802	.4370182	8.12	0.000	2.691433	4.404607
do_birdwatch	4.323355	.6200226	6.97	0.000	3.108066	5.538644
do_compgame	2.967123	.1198515	24.76	0.000	2.732206	3.202041
do_hunt	3.275409	1.361325	2.41	0.016	.6071131	5.943704
do_game	2.345102	.2625755	8.93	0.000	1.830435	2.859769
do_bet	1.925677	.7148487	2.69	0.007	.5245222	3.326832
do_art	5.290513	.2050321	25.80	0.000	4.888635	5.692391
do_sing	5.874205	.3303104	17.78	0.000	5.226773	6.521638
do_other	-1.381522	.1572859	-8.78	0.000	-1.689814	-1.07323
do_other2	-3.27106	.1882654	-17.37	0.000	-3.640074	-2.902047
with_partner	4.513679	.1073451	42.05	0.000	4.303274	4.724083
with_child	.2677335	.1473576	1.82	0.069	-.0210981	.5565651
with_relat~e	.7523447	.1037821	7.25	0.000	.5489243	.9557652
with_peers	-.2876615	.1282091	-2.24	0.025	-.5389606	-.0363624
with_client	.4307306	.4073691	1.06	0.290	-.3677422	1.229203
with_friend	4.381595	.0916403	47.81	0.000	4.201974	4.561217
with_other	-.8287108	.1946196	-4.26	0.000	-1.210179	-.4472423
at_work	-2.589712	.1243329	-20.83	0.000	-2.833413	-2.346011
elsewhere	1.725396	.0858428	20.10	0.000	1.557138	1.893654
vehicle	-.1680386	.1361553	-1.23	0.217	-.4349129	.0988356
outdoors	2.321268	.4490317	5.17	0.000	1.441134	3.201403
rseq_0	-5.742423	.6726762	-8.54	0.000	-7.060917	-4.423929
rseq_10	-3.559333	.1189929	-29.91	0.000	-3.792567	-3.326098
rseq_50	-.9394265	.0945334	-9.94	0.000	-1.124719	-.7541341
wkdayhour_0	3.000154	.4359455	6.88	0.000	2.14567	3.854639
wkdayhour_3	-.5633167	1.159286	-0.49	0.627	-2.835601	1.708968
wkdayhour_9	3.198429	.1193354	26.80	0.000	2.964523	3.432336
wkdayhour_12	3.570161	.1220064	29.26	0.000	3.33102	3.809302
wkdayhour_15	3.4366	.1227501	28.00	0.000	3.196001	3.677199
wkdayhour_18	2.79933	.1259755	22.22	0.000	2.552409	3.046251
wkdayhour_21	3.145889	.1399505	22.48	0.000	2.871576	3.420202
wkendhour_0	4.503686	.6692823	6.73	0.000	3.191844	5.815527
wkendhour_3	2.257067	1.674437	1.35	0.178	-1.024949	5.539084
wkendhour_6	2.875007	.2069668	13.89	0.000	2.469337	3.280677
wkendhour_9	4.266655	.1400254	30.47	0.000	3.992195	4.541115
wkendhour_12	4.30222	.1388288	30.99	0.000	4.030106	4.574335
wkendhour_15	4.064958	.1388452	29.28	0.000	3.792811	4.337104
wkendhour_18	4.105641	.1382612	29.69	0.000	3.834639	4.376643
wkendhour_21	4.022216	.1639131	24.54	0.000	3.700935	4.343497
is_daylig~ut	-.1145008	.1735593	-0.66	0.509	-.4546896	.225688
sunny_out	.4561449	.1845698	2.47	0.013	.0943748	.817915
rain_out	-1.370325	.2228667	-6.15	0.000	-1.80716	-.9334905
snow_out	1.021422	.720449	1.42	0.156	-.3907101	2.433554
fog_out	-1.353621	.5418126	-2.50	0.012	-2.415613	-.291629
temp_8_out	-.5065061	.4132873	-1.23	0.220	-1.316579	.3035667
temp_16_out	.2910942	.4154529	0.70	0.484	-.5232234	1.105412
temp_24_out	.9933131	.4244325	2.34	0.019	.1613948	1.825231
temp_hi_out	5.128452	1.211379	4.23	0.000	2.754061	7.502843
wind_15_out	-.2012287	.1883187	-1.07	0.285	-.5703469	.1678895
wind_25_out	-.5176959	.199057	-2.60	0.009	-.907862	-.1275297
wind_hi_out	-.9361185	.2501928	-3.74	0.000	-1.426514	-.4457227
_cons	60.70179	.1404218	432.28	0.000	60.42656	60.97703


