Fixed-effects (within) regression               Number of obs      =    652736
Group variable: user_id                         Number of groups   =     20648

R-sq:  within  = 0.1307                         Obs per group: min =         1
       between = 0.1250                                        avg =      31.6
       overall = 0.1141                                        max =       527

                                                F(91,20647)        =    239.51
corr(u_i, Xb)  = 0.0401                         Prob > F           =    0.0000

                            (Std. Err. adjusted for 20648 clusters in user_id)
------------------------------------------------------------------------------
             |               Robust
feel_hpy_100 |      Coef.   Std. Err.      t    P>|t|     [95% Conf. Interval]
-------------+----------------------------------------------------------------
lctout_mar~e |   5.524616   .8349724     6.62   0.000     3.888004    7.161227
lctout_wat~y |   1.447182   .7260367     1.99   0.046     .0240927    2.870271
lctout_mou~n |   2.411063   .9910818     2.43   0.015      .468464    4.353661
lctout_gra~y |   1.995249   .3993989     5.00   0.000     1.212396    2.778102
lctout_far~d |   2.163902   .2693467     8.03   0.000     1.635961    2.691843
lctout_all~d |    2.10697   .4005376     5.26   0.000     1.321885    2.892055
 lctout_bare |  -.0465287   .5634774    -0.08   0.934    -1.150989    1.057931
lctout_sub~b |   .8547419   .1881896     4.54   0.000     .4858754    1.223608
     do_work |  -1.858336   .1175802   -15.80   0.000    -2.088802   -1.627869
     do_meet |  -.1997133   .2171904    -0.92   0.358    -.6254236    .2259971
   do_travel |  -2.064636   .1472132   -14.02   0.000    -2.353186   -1.776087
     do_cook |   2.270086   .1215106    18.68   0.000     2.031916    2.508256
   do_chores |  -.8274753   .1313265    -6.30   0.000    -1.084886    -.570065
     do_wait |  -4.087757   .1939873   -21.07   0.000    -4.467987   -3.707527
     do_shop |   .9165519   .1428398     6.42   0.000     .6365745    1.196529
    do_admin |  -1.674696   .1775423    -9.43   0.000    -2.022693   -1.326699
    do_child |    2.87019    .186689    15.37   0.000     2.504265    3.236115
      do_pet |   3.245522   .2438726    13.31   0.000     2.767513    3.723532
     do_care |  -4.420589   .6778627    -6.52   0.000    -5.749254   -3.091925
     do_rest |   .8847322   .1037227     8.53   0.000     .6814276    1.088037
     do_sick |  -19.60416    .335635   -58.41   0.000    -20.26203   -18.94629
     do_pray |    3.49976   .5913076     5.92   0.000     2.340751     4.65877
     do_wash |   1.957942   .1325621    14.77   0.000      1.69811    2.217774
     do_chat |   4.411899   .0901494    48.94   0.000     4.235199    4.588599
     do_love |   12.49365   .3732065    33.48   0.000     11.76214    13.22517
      do_eat |    2.17769   .0789803    27.57   0.000     2.022882    2.332497
 do_caffeine |   1.500464   .1193775    12.57   0.000     1.266475    1.734453
    do_booze |   4.027094    .131668    30.59   0.000     3.769014    4.285174
    do_smoke |   .0304663   .2462306     0.12   0.902     -.452165    .5130977
      do_msg |   .7086973   .1536429     4.61   0.000     .4075452    1.009849
      do_net |    .636238   .1192101     5.34   0.000     .4025768    .8698992
       do_tv |   2.324673    .081977    28.36   0.000     2.163992    2.485355
    do_music |   3.571366   .1121256    31.85   0.000     3.351591    3.791141
   do_speech |    1.99841   .1829801    10.92   0.000     1.639755    2.357066
     do_read |   1.912867   .1374296    13.92   0.000     1.643494    2.182239
  do_theatre |   6.371075   .4449731    14.32   0.000     5.498892    7.243257
   do_museum |   6.277864   .4723797    13.29   0.000     5.351962    7.203766
    do_match |   2.415651   .3508421     6.89   0.000     1.727972    3.103329
     do_walk |   2.565998   .2068959    12.40   0.000     2.160466    2.971531
    do_sport |   6.283859   .2483562    25.30   0.000     5.797061    6.770657
do_gardening |   3.293214   .5059454     6.51   0.000     2.301521    4.284907
do_birdwatch |    4.61974   .7165563     6.45   0.000     3.215233    6.024247
 do_compgame |   2.816929    .141363    19.93   0.000     2.539846    3.094011
     do_hunt |   3.579806   1.451705     2.47   0.014     .7343496    6.425262
     do_game |   2.293162   .3275058     7.00   0.000     1.651224    2.935099
      do_bet |   1.834646   .8114022     2.26   0.024     .2442339    3.425059
      do_art |   5.323776   .2431541    21.89   0.000     4.847175    5.800378
     do_sing |   6.363315   .3671454    17.33   0.000     5.643681    7.082949
    do_other |  -1.244125    .200711    -6.20   0.000    -1.637534   -.8507156
   do_other2 |  -3.332983   .2275566   -14.65   0.000    -3.779012   -2.886954
with_partner |   4.411954   .1186498    37.18   0.000     4.179391    4.644517
  with_child |   .3789282    .166708     2.27   0.023     .0521674    .7056889
with_relat~e |   .7651072   .1252889     6.11   0.000     .5195311    1.010683
  with_peers |  -.0479258   .1602291    -0.30   0.765    -.3619875     .266136
 with_client |    .358135   .4623691     0.77   0.439     -.548145    1.264415
 with_friend |    4.38301   .1091439    40.16   0.000     4.169079     4.59694
  with_other |  -.6780927   .2501664    -2.71   0.007    -1.168439   -.1877469
     at_work |  -2.766253   .1552788   -17.81   0.000    -3.070612   -2.461894
   elsewhere |   1.465029    .107417    13.64   0.000     1.254483    1.675575
     vehicle |   .1771471   .1738061     1.02   0.308    -.1635265    .5178207
    outdoors |    2.47711   .5228358     4.74   0.000     1.452311     3.50191
      rseq_0 |  -5.686884   .9003767    -6.32   0.000    -7.451693   -3.922074
     rseq_10 |  -3.443613   .1411919   -24.39   0.000     -3.72036   -3.166865
     rseq_50 |     -.8061   .1091217    -7.39   0.000    -1.019987   -.5922128
 wkdayhour_0 |   3.151749   .5679073     5.55   0.000     2.038606    4.264892
 wkdayhour_3 |   -1.07894   1.429218    -0.75   0.450    -3.880319     1.72244
 wkdayhour_9 |   3.298242   .1470972    22.42   0.000      3.00992    3.586564
wkdayhour_12 |   3.633901   .1501184    24.21   0.000     3.339657    3.928145
wkdayhour_15 |   3.481567   .1503526    23.16   0.000     3.186865     3.77627
wkdayhour_18 |   2.927395   .1515781    19.31   0.000      2.63029      3.2245
wkdayhour_21 |   3.301553   .1694788    19.48   0.000     2.969361    3.633744
 wkendhour_0 |   4.737562   .8813024     5.38   0.000      3.01014    6.464985
 wkendhour_3 |   1.068531   2.301959     0.46   0.643     -3.44349    5.580552
 wkendhour_6 |   2.905143   .2474554    11.74   0.000     2.420111    3.390176
 wkendhour_9 |   4.366454   .1694297    25.77   0.000     4.034358     4.69855
wkendhour_12 |   4.381332    .166047    26.39   0.000     4.055867    4.706797
wkendhour_15 |   4.220724   .1658534    25.45   0.000     3.895638     4.54581
wkendhour_18 |   4.105494   .1663516    24.68   0.000     3.779432    4.431557
wkendhour_21 |    4.04858   .2001635    20.23   0.000     3.656244    4.440917
is_daylig~ut |  -.1568678   .2038426    -0.77   0.442    -.5564154    .2426797
   sunny_out |   .6203994   .2200996     2.82   0.005     .1889869    1.051812
    rain_out |  -1.224864   .2680045    -4.57   0.000    -1.750173   -.6995537
    snow_out |   .4729124   .9110892     0.52   0.604    -1.312894    2.258719
     fog_out |  -1.575124    .657225    -2.40   0.017    -2.863336   -.2869107
  temp_8_out |  -.8816677   .4801988    -1.84   0.066    -1.822895    .0595599
 temp_16_out |   .0220483   .4797333     0.05   0.963    -.9182668    .9623635
 temp_24_out |    .770922   .4903917     1.57   0.116    -.1902844    1.732128
 temp_hi_out |   4.669514   1.455599     3.21   0.001     1.816426    7.522602
 wind_15_out |   .0498259   .2238872     0.22   0.824    -.3890106    .4886623
 wind_25_out |  -.1602545   .2395509    -0.67   0.504    -.6297932    .3092841
 wind_hi_out |  -.7721066   .2968131    -2.60   0.009    -1.353884   -.1903296
       _cons |   60.77653   .1670634   363.79   0.000     60.44908    61.10399
-------------+----------------------------------------------------------------
     sigma_u |  14.213535
     sigma_e |  16.488125
         rho |  .42631755   (fraction of variance due to u_i)
------------------------------------------------------------------------------


lctout_mar~e	5.524616	.8349724	6.62	0.000	3.888004	7.161227
lctout_wat~y	1.447182	.7260367	1.99	0.046	.0240927	2.870271
lctout_mou~n	2.411063	.9910818	2.43	0.015	.468464	4.353661
lctout_gra~y	1.995249	.3993989	5.00	0.000	1.212396	2.778102
lctout_far~d	2.163902	.2693467	8.03	0.000	1.635961	2.691843
lctout_all~d	2.10697	.4005376	5.26	0.000	1.321885	2.892055
lctout_bare	-.0465287	.5634774	-0.08	0.934	-1.150989	1.057931
lctout_sub~b	.8547419	.1881896	4.54	0.000	.4858754	1.223608
do_work	-1.858336	.1175802	-15.80	0.000	-2.088802	-1.627869
do_meet	-.1997133	.2171904	-0.92	0.358	-.6254236	.2259971
do_travel	-2.064636	.1472132	-14.02	0.000	-2.353186	-1.776087
do_cook	2.270086	.1215106	18.68	0.000	2.031916	2.508256
do_chores	-.8274753	.1313265	-6.30	0.000	-1.084886	-.570065
do_wait	-4.087757	.1939873	-21.07	0.000	-4.467987	-3.707527
do_shop	.9165519	.1428398	6.42	0.000	.6365745	1.196529
do_admin	-1.674696	.1775423	-9.43	0.000	-2.022693	-1.326699
do_child	2.87019	.186689	15.37	0.000	2.504265	3.236115
do_pet	3.245522	.2438726	13.31	0.000	2.767513	3.723532
do_care	-4.420589	.6778627	-6.52	0.000	-5.749254	-3.091925
do_rest	.8847322	.1037227	8.53	0.000	.6814276	1.088037
do_sick	-19.60416	.335635	-58.41	0.000	-20.26203	-18.94629
do_pray	3.49976	.5913076	5.92	0.000	2.340751	4.65877
do_wash	1.957942	.1325621	14.77	0.000	1.69811	2.217774
do_chat	4.411899	.0901494	48.94	0.000	4.235199	4.588599
do_love	12.49365	.3732065	33.48	0.000	11.76214	13.22517
do_eat	2.17769	.0789803	27.57	0.000	2.022882	2.332497
do_caffeine	1.500464	.1193775	12.57	0.000	1.266475	1.734453
do_booze	4.027094	.131668	30.59	0.000	3.769014	4.285174
do_smoke	.0304663	.2462306	0.12	0.902	-.452165	.5130977
do_msg	.7086973	.1536429	4.61	0.000	.4075452	1.009849
do_net	.636238	.1192101	5.34	0.000	.4025768	.8698992
do_tv	2.324673	.081977	28.36	0.000	2.163992	2.485355
do_music	3.571366	.1121256	31.85	0.000	3.351591	3.791141
do_speech	1.99841	.1829801	10.92	0.000	1.639755	2.357066
do_read	1.912867	.1374296	13.92	0.000	1.643494	2.182239
do_theatre	6.371075	.4449731	14.32	0.000	5.498892	7.243257
do_museum	6.277864	.4723797	13.29	0.000	5.351962	7.203766
do_match	2.415651	.3508421	6.89	0.000	1.727972	3.103329
do_walk	2.565998	.2068959	12.40	0.000	2.160466	2.971531
do_sport	6.283859	.2483562	25.30	0.000	5.797061	6.770657
do_gardening	3.293214	.5059454	6.51	0.000	2.301521	4.284907
do_birdwatch	4.61974	.7165563	6.45	0.000	3.215233	6.024247
do_compgame	2.816929	.141363	19.93	0.000	2.539846	3.094011
do_hunt	3.579806	1.451705	2.47	0.014	.7343496	6.425262
do_game	2.293162	.3275058	7.00	0.000	1.651224	2.935099
do_bet	1.834646	.8114022	2.26	0.024	.2442339	3.425059
do_art	5.323776	.2431541	21.89	0.000	4.847175	5.800378
do_sing	6.363315	.3671454	17.33	0.000	5.643681	7.082949
do_other	-1.244125	.200711	-6.20	0.000	-1.637534	-.8507156
do_other2	-3.332983	.2275566	-14.65	0.000	-3.779012	-2.886954
with_partner	4.411954	.1186498	37.18	0.000	4.179391	4.644517
with_child	.3789282	.166708	2.27	0.023	.0521674	.7056889
with_relat~e	.7651072	.1252889	6.11	0.000	.5195311	1.010683
with_peers	-.0479258	.1602291	-0.30	0.765	-.3619875	.266136
with_client	.358135	.4623691	0.77	0.439	-.548145	1.264415
with_friend	4.38301	.1091439	40.16	0.000	4.169079	4.59694
with_other	-.6780927	.2501664	-2.71	0.007	-1.168439	-.1877469
at_work	-2.766253	.1552788	-17.81	0.000	-3.070612	-2.461894
elsewhere	1.465029	.107417	13.64	0.000	1.254483	1.675575
vehicle	.1771471	.1738061	1.02	0.308	-.1635265	.5178207
outdoors	2.47711	.5228358	4.74	0.000	1.452311	3.50191
rseq_0	-5.686884	.9003767	-6.32	0.000	-7.451693	-3.922074
rseq_10	-3.443613	.1411919	-24.39	0.000	-3.72036	-3.166865
rseq_50	-.8061	.1091217	-7.39	0.000	-1.019987	-.5922128
wkdayhour_0	3.151749	.5679073	5.55	0.000	2.038606	4.264892
wkdayhour_3	-1.07894	1.429218	-0.75	0.450	-3.880319	1.72244
wkdayhour_9	3.298242	.1470972	22.42	0.000	3.00992	3.586564
wkdayhour_12	3.633901	.1501184	24.21	0.000	3.339657	3.928145
wkdayhour_15	3.481567	.1503526	23.16	0.000	3.186865	3.77627
wkdayhour_18	2.927395	.1515781	19.31	0.000	2.63029	3.2245
wkdayhour_21	3.301553	.1694788	19.48	0.000	2.969361	3.633744
wkendhour_0	4.737562	.8813024	5.38	0.000	3.01014	6.464985
wkendhour_3	1.068531	2.301959	0.46	0.643	-3.44349	5.580552
wkendhour_6	2.905143	.2474554	11.74	0.000	2.420111	3.390176
wkendhour_9	4.366454	.1694297	25.77	0.000	4.034358	4.69855
wkendhour_12	4.381332	.166047	26.39	0.000	4.055867	4.706797
wkendhour_15	4.220724	.1658534	25.45	0.000	3.895638	4.54581
wkendhour_18	4.105494	.1663516	24.68	0.000	3.779432	4.431557
wkendhour_21	4.04858	.2001635	20.23	0.000	3.656244	4.440917
is_daylig~ut	-.1568678	.2038426	-0.77	0.442	-.5564154	.2426797
sunny_out	.6203994	.2200996	2.82	0.005	.1889869	1.051812
rain_out	-1.224864	.2680045	-4.57	0.000	-1.750173	-.6995537
snow_out	.4729124	.9110892	0.52	0.604	-1.312894	2.258719
fog_out	-1.575124	.657225	-2.40	0.017	-2.863336	-.2869107
temp_8_out	-.8816677	.4801988	-1.84	0.066	-1.822895	.0595599
temp_16_out	.0220483	.4797333	0.05	0.963	-.9182668	.9623635
temp_24_out	.770922	.4903917	1.57	0.116	-.1902844	1.732128
temp_hi_out	4.669514	1.455599	3.21	0.001	1.816426	7.522602
wind_15_out	.0498259	.2238872	0.22	0.824	-.3890106	.4886623
wind_25_out	-.1602545	.2395509	-0.67	0.504	-.6297932	.3092841
wind_hi_out	-.7721066	.2968131	-2.60	0.009	-1.353884	-.1903296
_cons	60.77653	.1670634	363.79	0.000	60.44908	61.10399
