Linear regression                                      Number of obs = 1138481
                                                       F( 91, 21946) =  282.34
                                                       Prob > F      =  0.0000
                                                       R-squared     =  0.1171
                                                       Root MSE      =  20.311

                            (Std. Err. adjusted for 21947 clusters in user_id)
------------------------------------------------------------------------------
             |               Robust
feel_hpy_100 |      Coef.   Std. Err.      t    P>|t|     [95% Conf. Interval]
-------------+----------------------------------------------------------------
lctout_mar~e |    5.33607   .7803454     6.84   0.000     3.806536    6.865603
lctout_wat~y |   1.931851   .7870783     2.45   0.014     .3891206    3.474581
lctout_mou~n |    4.15561   1.023568     4.06   0.000     2.149344    6.161877
lctout_gra~y |   2.284211   .4344076     5.26   0.000     1.432741    3.135681
lctout_far~d |   2.820377   .3192015     8.84   0.000     2.194719    3.446035
lctout_all~d |   2.332356   .4666896     5.00   0.000     1.417611    3.247101
 lctout_bare |   .2617146   .6308089     0.41   0.678    -.9747164    1.498145
lctout_sub~b |   1.192226   .2302147     5.18   0.000     .7409887    1.643464
     do_work |  -1.940215   .1961082    -9.89   0.000    -2.324601   -1.555829
     do_meet |    .614783     .28925     2.13   0.034     .0478321    1.181734
   do_travel |  -2.354246   .2227615   -10.57   0.000    -2.790874   -1.917617
     do_cook |   2.448408   .1826292    13.41   0.000     2.090441    2.806374
   do_chores |  -.9943321   .2034697    -4.89   0.000    -1.393147   -.5955168
     do_wait |  -4.906499    .250853   -19.56   0.000    -5.398189   -4.414809
     do_shop |   1.035286   .1859745     5.57   0.000      .670763     1.39981
    do_admin |  -1.911712   .2685154    -7.12   0.000    -2.438021   -1.385402
    do_child |   3.198291   .3922018     8.15   0.000     2.429547    3.967035
      do_pet |   3.012575   .4348664     6.93   0.000     2.160205    3.864945
     do_care |  -3.128235   .8736857    -3.58   0.000    -4.840722   -1.415748
     do_rest |   .7635365     .18496     4.13   0.000     .4010015    1.126072
     do_sick |  -21.69857   .3750346   -57.86   0.000    -22.43367   -20.96348
     do_pray |   4.559506   .6219831     7.33   0.000     3.340374    5.778637
     do_wash |   1.694588   .2024267     8.37   0.000     1.297817    2.091358
     do_chat |   4.817612   .1488762    32.36   0.000     4.525804     5.10942
     do_love |   13.70852   .3762919    36.43   0.000     12.97096    14.44608
      do_eat |   2.101366   .1175594    17.87   0.000     1.870941    2.331791
 do_caffeine |   1.660857   .2551608     6.51   0.000     1.160724    2.160991
    do_booze |   4.390611    .198592    22.11   0.000     4.001356    4.779865
    do_smoke |  -.4620177   .5843488    -0.79   0.429    -1.607384    .6833481
      do_msg |  -.1989086    .254575    -0.78   0.435    -.6978939    .3000768
      do_net |  -.1925375     .23541    -0.82   0.413    -.6539581    .2688832
       do_tv |   1.954952   .1586096    12.33   0.000     1.644065    2.265838
    do_music |    3.68854   .2003669    18.41   0.000     3.295806    4.081274
   do_speech |   1.622934   .4535907     3.58   0.000     .7338631    2.512004
     do_read |    1.35688   .2599187     5.22   0.000     .8474209     1.86634
  do_theatre |    6.58048   .3665589    17.95   0.000     5.861998    7.298962
   do_museum |   4.765308   .5051475     9.43   0.000     3.775183    5.755434
    do_match |   2.563726   .4198261     6.11   0.000     1.740837    3.386616
     do_walk |   2.529474    .266372     9.50   0.000     2.007366    3.051583
    do_sport |   6.963733   .3129532    22.25   0.000     6.350322    7.577144
do_gardening |   5.937996   .8523196     6.97   0.000     4.267388    7.608603
do_birdwatch |   4.950307   .8532711     5.80   0.000     3.277834     6.62278
 do_compgame |   2.744566   .2450666    11.20   0.000     2.264217    3.224914
     do_hunt |   4.324186   1.800567     2.40   0.016     .7949444    7.853427
     do_game |   2.210585   .3970154     5.57   0.000     1.432406    2.988764
      do_bet |   2.892841    1.25885     2.30   0.022     .4254044    5.360278
      do_art |   5.287201   .4055016    13.04   0.000     4.492389    6.082014
     do_sing |    5.51829   1.125545     4.90   0.000     3.312141    7.724438
    do_other |  -2.140088    .266408    -8.03   0.000    -2.662267   -1.617909
   do_other2 |  -4.653614   .5059112    -9.20   0.000    -5.645236   -3.661991
with_partner |    5.86669   .1952496    30.05   0.000     5.483987    6.249393
  with_child |   .6542943   .3413929     1.92   0.055    -.0148603    1.323449
with_relat~e |   1.039841    .216975     4.79   0.000     .6145539    1.465127
  with_peers |  -.4363397   .2161058    -2.02   0.043    -.8599227   -.0127567
 with_client |   1.523951   .5211403     2.92   0.003     .5024786    2.545424
 with_friend |   4.648423   .1650864    28.16   0.000     4.324842    4.972004
  with_other |  -1.424952    .269077    -5.30   0.000    -1.952362   -.8975417
     at_work |  -2.063098   .2284449    -9.03   0.000    -2.510867    -1.61533
   elsewhere |   1.489209    .146574    10.16   0.000     1.201914    1.776505
     vehicle |   .3831022   .2488542     1.54   0.124    -.1046701    .8708744
    outdoors |   2.608224   .5971927     4.37   0.000     1.437684    3.778765
      rseq_0 |  -8.032653   .7390887   -10.87   0.000    -9.481321   -6.583986
     rseq_10 |  -4.833878   .1942116   -24.89   0.000    -5.214547   -4.453209
     rseq_50 |  -1.558173   .1710689    -9.11   0.000    -1.893481   -1.222866
 wkdayhour_0 |   1.638754   .9144596     1.79   0.073    -.1536531     3.43116
 wkdayhour_3 |  -2.837623    1.65874    -1.71   0.087    -6.088873    .4136262
 wkdayhour_9 |   2.889112    .193735    14.91   0.000     2.509377    3.268846
wkdayhour_12 |   3.086097   .2016626    15.30   0.000     2.690824     3.48137
wkdayhour_15 |    2.97998   .2005864    14.86   0.000     2.586816    3.373144
wkdayhour_18 |   2.333109   .2027227    11.51   0.000     1.935758    2.730461
wkdayhour_21 |   2.458677   .2362868    10.41   0.000     1.995538    2.921817
 wkendhour_0 |   4.081675   1.034952     3.94   0.000     2.053093    6.110256
 wkendhour_3 |    1.15094   2.021376     0.57   0.569    -2.811104    5.112983
 wkendhour_6 |   2.953501   .2553593    11.57   0.000     2.452979    3.454024
 wkendhour_9 |   3.895554   .2014451    19.34   0.000     3.500707    4.290401
wkendhour_12 |   3.688334   .2119947    17.40   0.000     3.272809    4.103858
wkendhour_15 |   3.475864   .2139106    16.25   0.000     3.056583    3.895144
wkendhour_18 |   3.404655     .21797    15.62   0.000     2.977418    3.831892
wkendhour_21 |   3.192642   .2604546    12.26   0.000     2.682132    3.703152
is_daylig~ut |  -.0061641   .2132182    -0.03   0.977     -.424087    .4117589
   sunny_out |   .5334193   .2164215     2.46   0.014     .1092176    .9576211
    rain_out |  -1.413912    .261005    -5.42   0.000    -1.925501   -.9023233
    snow_out |   2.026871   .9001243     2.25   0.024     .2625624     3.79118
     fog_out |  -1.367003   .6474929    -2.11   0.035    -2.636136   -.0978699
  temp_8_out |  -.7158062   .5209314    -1.37   0.169    -1.736869    .3052569
 temp_16_out |   .1824938   .5611416     0.33   0.745    -.9173842    1.282372
 temp_24_out |   1.074474   .5827687     1.84   0.065     -.067795    2.216742
 temp_hi_out |    5.00944    1.37762     3.64   0.000     2.309205    7.709675
 wind_15_out |  -.1776249   .2454949    -0.72   0.469    -.6588126    .3035627
 wind_25_out |  -.4823001   .2693414    -1.79   0.073    -1.010229    .0456284
 wind_hi_out |  -.6774055   .3300772    -2.05   0.040    -1.324381   -.0304303
       _cons |    61.2047   .3245072   188.61   0.000     60.56864    61.84076
------------------------------------------------------------------------------

		(1)	(2)	(3)
		feel_hpy_100		
VARIABLES	LABELS	coef	se	pval
				
lctout_marine		5.34***	(0.78)	0.0000
lctout_watery		1.93*	(0.79)	0.0141
lctout_mountain		4.16***	(1.02)	0.0000
lctout_grassy		2.28***	(0.43)	0.0000
lctout_farmland		2.82***	(0.32)	0.0000
lctout_allwood		2.33***	(0.47)	0.0000
lctout_bare		0.26	(0.63)	0.6782
lctout_suburb		1.19***	(0.23)	0.0000
do_work		-1.94***	(0.20)	0.0000
do_meet		0.61*	(0.29)	0.0336
do_travel		-2.35***	(0.22)	0.0000
do_cook		2.45***	(0.18)	0.0000
do_chores		-0.99***	(0.20)	0.0000
do_wait		-4.91***	(0.25)	0.0000
do_shop		1.04***	(0.19)	0.0000
do_admin		-1.91***	(0.27)	0.0000
do_child		3.20***	(0.39)	0.0000
do_pet		3.01***	(0.43)	0.0000
do_care		-3.13***	(0.87)	0.0003
do_rest		0.76***	(0.18)	0.0000
do_sick		-21.7***	(0.38)	0.0000
do_pray		4.56***	(0.62)	0.0000
do_wash		1.69***	(0.20)	0.0000
do_chat		4.82***	(0.15)	0.0000
do_love		13.7***	(0.38)	0.0000
do_eat		2.10***	(0.12)	0.0000
do_caffeine		1.66***	(0.26)	0.0000
do_booze		4.39***	(0.20)	0.0000
do_smoke		-0.46	(0.58)	0.4292
do_msg		-0.20	(0.25)	0.4346
do_net		-0.19	(0.24)	0.4134
do_tv		1.95***	(0.16)	0.0000
do_music		3.69***	(0.20)	0.0000
do_speech		1.62***	(0.45)	0.0003
do_read		1.36***	(0.26)	0.0000
do_theatre		6.58***	(0.37)	0.0000
do_museum		4.77***	(0.51)	0.0000
do_match		2.56***	(0.42)	0.0000
do_walk		2.53***	(0.27)	0.0000
do_sport		6.96***	(0.31)	0.0000
do_gardening		5.94***	(0.85)	0.0000
do_birdwatch		4.95***	(0.85)	0.0000
do_compgame		2.74***	(0.25)	0.0000
do_hunt		4.32*	(1.80)	0.0163
do_game		2.21***	(0.40)	0.0000
do_bet		2.89*	(1.26)	0.0216
do_art		5.29***	(0.41)	0.0000
do_sing		5.52***	(1.13)	0.0000
do_other		-2.14***	(0.27)	0.0000
do_other2		-4.65***	(0.51)	0.0000
with_partner		5.87***	(0.20)	0.0000
with_child		0.65	(0.34)	0.0553
with_relative		1.04***	(0.22)	0.0000
with_peers		-0.44*	(0.22)	0.0435
with_client		1.52**	(0.52)	0.0035
with_friend		4.65***	(0.17)	0.0000
with_other		-1.42***	(0.27)	0.0000
at_work		-2.06***	(0.23)	0.0000
elsewhere		1.49***	(0.15)	0.0000
vehicle		0.38	(0.25)	0.1237
outdoors		2.61***	(0.60)	0.0000
rseq_0		-8.03***	(0.74)	0.0000
rseq_10		-4.83***	(0.19)	0.0000
rseq_50		-1.56***	(0.17)	0.0000
wkdayhour_0		1.64	(0.91)	0.0731
wkdayhour_3		-2.84	(1.66)	0.0871
wkdayhour_9		2.89***	(0.19)	0.0000
wkdayhour_12		3.09***	(0.20)	0.0000
wkdayhour_15		2.98***	(0.20)	0.0000
wkdayhour_18		2.33***	(0.20)	0.0000
wkdayhour_21		2.46***	(0.24)	0.0000
wkendhour_0		4.08***	(1.03)	0.0001
wkendhour_3		1.15	(2.02)	0.5691
wkendhour_6		2.95***	(0.26)	0.0000
wkendhour_9		3.90***	(0.20)	0.0000
wkendhour_12		3.69***	(0.21)	0.0000
wkendhour_15		3.48***	(0.21)	0.0000
wkendhour_18		3.40***	(0.22)	0.0000
wkendhour_21		3.19***	(0.26)	0.0000
is_daylight_out		-0.0062	(0.21)	0.9769
sunny_out		0.53*	(0.22)	0.0137
rain_out		-1.41***	(0.26)	0.0000
snow_out		2.03*	(0.90)	0.0243
fog_out		-1.37*	(0.65)	0.0348
temp_8_out		-0.72	(0.52)	0.1694
temp_16_out		0.18	(0.56)	0.7450
temp_24_out		1.07	(0.58)	0.0652
temp_hi_out		5.01***	(1.38)	0.0003
wind_15_out		-0.18	(0.25)	0.4694
wind_25_out		-0.48	(0.27)	0.0734
wind_hi_out		-0.68*	(0.33)	0.0402
Constant	Constant	61.2***	(0.32)	0.0000
				
Observations		1,138,481		
R-squared		0.117		
Robust standard errors in parentheses				
*** p<0.001, ** p<0.01, * p<0.05				
