Fixed-effects (within) regression               Number of obs      =    316059
Group variable: user_id                         Number of groups   =     19561

R-sq:  within  = 0.1135                         Obs per group: min =         1
       between = 0.1500                                        avg =      16.2
       overall = 0.1104                                        max =       200

                                                F(83,19560)        =    194.24
corr(u_i, Xb)  = 0.0715                         Prob > F           =    0.0000

                            (Std. Err. adjusted for 19561 clusters in user_id)
------------------------------------------------------------------------------
             |               Robust
feel_hpy_100 |      Coef.   Std. Err.      t    P>|t|     [95% Conf. Interval]
-------------+----------------------------------------------------------------
lctout_mar~e |   4.327601   .8658842     5.00   0.000     2.630394    6.024807
lctout_wat~y |   1.760945   .9616453     1.83   0.067    -.1239616    3.645852
lctout_mou~n |   .9832764   1.218407     0.81   0.420    -1.404905    3.371458
lctout_gra~y |   1.215243   .4482036     2.71   0.007     .3367262    2.093761
lctout_far~d |   1.653882   .3228953     5.12   0.000     1.020979    2.286784
lctout_all~d |   1.600305   .4607857     3.47   0.001     .6971256    2.503484
 lctout_bare |    .947378   .7479112     1.27   0.205    -.5185917    2.413348
lctout_sub~b |   .5310704   .2650183     2.00   0.045      .011612    1.050529
     do_work |  -2.381195   .1893132   -12.58   0.000    -2.752265   -2.010125
     do_meet |   .2861819   .5435502     0.53   0.599    -.7792228    1.351587
   do_travel |  -1.258045    .211921    -5.94   0.000    -1.673428   -.8426615
     do_cook |   2.409482   .1397387    17.24   0.000     2.135583    2.683382
   do_chores |  -1.156411   .1417824    -8.16   0.000    -1.434316   -.8785052
     do_wait |  -3.817509   .2716712   -14.05   0.000    -4.350008    -3.28501
     do_shop |  -.0163668   .1694675    -0.10   0.923    -.3485375    .3158038
    do_admin |  -1.599888   .2376706    -6.73   0.000    -2.065743   -1.134034
    do_child |   2.820638   .1901556    14.83   0.000     2.447917     3.19336
      do_pet |   2.476392    .227498    10.89   0.000     2.030476    2.922307
     do_care |  -6.196898   .8592103    -7.21   0.000    -7.881023   -4.512772
     do_rest |    .816133   .1049483     7.78   0.000     .6104253    1.021841
     do_sick |  -19.95631   .4145317   -48.14   0.000    -20.76883    -19.1438
     do_pray |   2.352682   .5458386     4.31   0.000     1.282792    3.422572
     do_wash |   2.413716   .1553289    15.54   0.000     2.109258    2.718174
     do_chat |   3.821882    .099761    38.31   0.000     3.626342    4.017422
     do_love |   11.97061   .3420442    35.00   0.000     11.30018    12.64105
      do_eat |   2.007269   .0947404    21.19   0.000      1.82157    2.192969
 do_caffeine |   1.274034     .13934     9.14   0.000     1.000915    1.547152
    do_booze |   3.966104   .1367551    29.00   0.000     3.698052    4.234155
    do_smoke |   .2257025   .2831553     0.80   0.425     -.329306    .7807109
      do_msg |   .4842603    .198739     2.44   0.015     .0947149    .8738057
      do_net |   .4705827   .1545735     3.04   0.002     .1676056    .7735599
       do_tv |   2.137923   .0897261    23.83   0.000     1.962052    2.313794
    do_music |   3.336078   .1388007    24.04   0.000     3.064016    3.608139
   do_speech |   1.640753   .2415798     6.79   0.000     1.167236     2.11427
     do_read |   1.848876   .1598726    11.56   0.000     1.535512     2.16224
  do_theatre |   5.488656   .4875119    11.26   0.000     4.533091     6.44422
   do_museum |   4.429333   .4650067     9.53   0.000      3.51788    5.340785
    do_match |    1.83218   .3487121     5.25   0.000     1.148675    2.515686
     do_walk |   2.515983   .2596302     9.69   0.000     2.007086     3.02488
    do_sport |   5.443914   .2957769    18.41   0.000     4.864166    6.023662
do_gardening |   3.510662   .4664442     7.53   0.000     2.596392    4.424933
do_birdwatch |   2.776647   .7377081     3.76   0.000     1.330676    4.222618
 do_compgame |   2.677447    .162879    16.44   0.000      2.35819    2.996703
     do_hunt |   3.807761   1.905145     2.00   0.046     .0735139    7.542007
     do_game |   2.281331   .3505762     6.51   0.000     1.594172    2.968491
      do_bet |   2.652296   1.097037     2.42   0.016     .5020106    4.802582
      do_art |   4.526268   .2657934    17.03   0.000      4.00529    5.047245
     do_sing |     5.2973   .4655699    11.38   0.000     4.384744    6.209857
    do_other |   -.573634   .2464068    -2.33   0.020    -1.056612   -.0906556
   do_other2 |   -2.66456   .2702864    -9.86   0.000    -3.194345   -2.134776
with_partner |    3.85014    .130486    29.51   0.000     3.594376    4.105903
  with_child |   .2201898    .168679     1.31   0.192    -.1104355    .5508151
with_relat~e |   .4674962   .1207872     3.87   0.000     .2307429    .7042494
  with_peers |  -.0091714   .3618028    -0.03   0.980    -.7183357     .699993
 with_client |   1.126864   .5745037     1.96   0.050     .0007874     2.25294
 with_friend |   3.782326   .1247905    30.31   0.000     3.537725    4.026926
  with_other |  -1.020717   .2412555    -4.23   0.000    -1.493598   -.5478359
     at_work |  -2.729779   .3310307    -8.25   0.000    -3.378627    -2.08093
   elsewhere |   2.007399   .1159824    17.31   0.000     1.780064    2.234735
     vehicle |  -.2238412   .2301099    -0.97   0.331    -.6748762    .2271938
    outdoors |   3.163022   .7314497     4.32   0.000     1.729318    4.596726
      rseq_0 |  -6.107004   1.287149    -4.74   0.000    -8.629926   -3.584082
     rseq_10 |  -3.161313    .179195   -17.64   0.000    -3.512551   -2.810076
     rseq_50 |  -.6678384   .1187707    -5.62   0.000    -.9006391   -.4350378
 wkdayhour_0 |  (omitted)
 wkdayhour_3 |  (omitted)
 wkdayhour_9 |  (omitted)
wkdayhour_12 |  (omitted)
wkdayhour_15 |  (omitted)
wkdayhour_18 |  (omitted)
wkdayhour_21 |  (omitted)
 wkendhour_0 |   3.167921   2.059939     1.54   0.124     -.869735    7.205576
 wkendhour_3 |  (omitted)
 wkendhour_6 |   .8134228   1.990696     0.41   0.683    -3.088511    4.715356
 wkendhour_9 |   2.324105   1.986622     1.17   0.242    -1.569844    6.218054
wkendhour_12 |   2.431964   1.982559     1.23   0.220    -1.454021    6.317949
wkendhour_15 |   2.223581   1.982174     1.12   0.262     -1.66165    6.108812
wkendhour_18 |   2.384583    1.98156     1.20   0.229    -1.499444     6.26861
wkendhour_21 |   2.490378   1.982076     1.26   0.209     -1.39466    6.375417
is_daylig~ut |   .5033957   .3186442     1.58   0.114    -.1211741    1.127966
   sunny_out |  -.0520606    .326906    -0.16   0.873    -.6928242     .588703
    rain_out |  -.9600924   .4193745    -2.29   0.022    -1.782102   -.1380827
    snow_out |   2.145758   1.667047     1.29   0.198    -1.121797    5.413312
     fog_out |  -2.147442   1.346424    -1.59   0.111    -4.786547    .4916636
  temp_8_out |  -1.032873   .6820403    -1.51   0.130     -2.36973    .3039838
 temp_16_out |  -.3817691   .6717769    -0.57   0.570    -1.698509     .934971
 temp_24_out |   -.036717   .6821179    -0.05   0.957    -1.373726    1.300292
 temp_hi_out |   1.512988   1.980737     0.76   0.445    -2.369426    5.395402
 wind_15_out |  -.4087097   .3226701    -1.27   0.205    -1.041171    .2237512
 wind_25_out |  -.7164807   .3363665    -2.13   0.033    -1.375788   -.0571737
 wind_hi_out |  -.5841298   .4219338    -1.38   0.166    -1.411156    .2428964
       _cons |   63.07862   1.980065    31.86   0.000     59.19752    66.95972
-------------+----------------------------------------------------------------
     sigma_u |  14.837201
     sigma_e |  15.636537
         rho |  .47378771   (fraction of variance due to u_i)
------------------------------------------------------------------------------
